1  1  706  219  671  432  824  409  
2  1  839  442  699  514  596  422  
3  1  289  737  410  823  183  583  
4  1  460  965  634  342  416  729  
5  1  177  231  900  1029  505  327  
6  1  294  1053  245  619  283  901  
7  1  843  502  319  412  611  620  
8  1  442  512  1009  629  245  675  
9  1  518  762  70  909  119  800  
10  1  671  491  503  704  426  591  
11  1  397  272  386  906  674  550  
12  1  748  461  654  807  422  20  
13  1  882  85  850  601  112  480  
14  1  833  515  836  165  752  406  
15  1  962  307  383  1025  350  407  
16  1  1077  109  894  917  358  432  
17  1  709  260  511  924  500  101  
18  1  110  821  261  989  432  87  
19  1  821  233  615  446  532  421  
20  1  920  217  565  306  959  51  
21  1  638  600  931  242  731  286  
22  1  250  760  687  538  862  35  
23  1  788  603  313  249  721  787  
24  1  384  832  317  738  269  867  
25  1  375  207  905  358  679  741  
26  1  606  559  761  577  874  51  
27  1  1091  706  447  401  307  408  
28  1  82  675  892  81  954  280  
29  1  436  521  794  503  309  795  
30  1  488  337  612  805  615  276  
31  1  1020  459  732  486  678  199  
32  1  632  298  704  772  108  487  
33  1  288  677  683  518  340  510  
34  1  172  393  947  280  314  698  
35  1  111  999  336  406  313  851  
36  1  996  202  302  475  1058  216  
37  1  188  305  925  412  477  406  
38  1  350  542  531  751  625  206  
39  1  617  752  567  365  367  964  
40  1  890  428  87  955  218  349  
41  1  648  292  639  488  685  857  
42  1  937  484  271  946  488  221  
43  1  823  225  409  622  393  1036  
44  1  541  615  539  253  734  429  
45  1  576  892  683  622  588  150  
46  1  658  182  425  197  599  801  
47  1  258  616  813  135  238  918  
48  1  139  650  539  837  426  470  
49  1  344  428  1013  520  287  658  
50  1  151  467  1076  262  718  820  
51  1  592  284  188  465  602  742  
52  1  298  829  387  446  647  647  
53  1  939  411  883  191  486  174  
54  1  915  55  658  654  546  144  
55  1  441  962  45  763  611  461  
56  1  863  419  400  481  820  331  
57  1  228  605  438  655  477  714  
58  1  859  619  448  583  225  597  
59  1  531  567  482  517  622  743  
60  1  573  465  648  77  1002  280  
61  1  705  791  192  826  808  263  
62  1  748  817  211  331  897  264  
63  1  866  848  86  1035  134  209  
64  1  695  306  452  641  974  767  
65  1  511  383  142  922  989  308  
66  1  86  640  808  139  667  1035  
67  1  1032  373  605  275  995  256  
68  1  1076  371  712  1007  400  446  
69  1  302  630  665  383  886  512  
70  1  172  535  600  870  837  480  
71  1  655  813  765  136  438  776  
72  1  383  861  605  311  142  822  
73  1  410  722  332  846  312  827  
74  1  780  476  934  680  430  602  
75  1  711  222  407  429  984  752  
76  1  126  759  823  498  576  496  
77  1  927  530  517  1036  333  76  
78  1  803  755  734  22  166  676  
79  1  196  438  185  657  1027  547  
80  1  497  100  1062  739  744  350  
81  1  726  86  750  542  491  631  
82  1  956  595  897  129  961  97  
83  1  471  781  795  231  956  486  
84  1  231  739  151  927  896  321  
85  1  394  154  499  927  688  495  
86  1  642  183  497  738  419  733  
87  1  281  587  829  456  590  687  
88  1  995  502  618  122  812  241  
89  1  106  871  821  401  733  486  
90  1  844  769  159  618  295  141  
91  1  404  509  538  587  951  659  
92  1  145  807  700  671  361  840  
93  1  335  932  245  983  224  251  
94  1  456  170  325  579  743  1036  
95  1  628  216  368  664  693  898  
96  1  972  379  508  278  825  559  
97  1  401  1036  644  328  98  823  
98  1  498  557  1019  274  753  698  
99  1  663  477  368  773  949  99  
100  1  771  306  671  473  575  464  
101  1  424  274  609  1002  743  326  
102  1  237  458  670  395  789  394  
103  1  462  649  170  583  890  501  
104  1  330  406  645  676  875  786  
105  1  1034  422  61  646  955  229  
106  1  569  240  955  79  788  885  
107  1  395  757  519  481  1027  213  
108  1  572  1001  317  147  431  892  
109  1  889  438  192  784  502  616  
110  1  395  271  492  575  541  884  
111  1  360  911  664  128  919  483  
112  1  392  840  807  93  388  452  
113  1  264  259  939  466  1016  415  
114  1  1032  451  767  469  439  465  
115  1  873  645  393  1043  524  263  
116  1  561  750  315  660  411  381  
117  1  872  622  377  257  697  926  
118  1  409  120  453  811  685  395  
119  1  145  814  374  682  545  711  
120  1  470  323  444  469  739  484  
121  1  1076  201  396  758  164  304  
122  1  975  725  187  746  399  575  
123  1  830  267  440  475  454  742  
124  1  516  855  247  678  395  401  
125  1  967  178  828  787  337  373  
126  1  351  878  586  252  191  646  
127  1  32  752  618  468  733  1016  
128  1  123  1092  896  431  577  666  
129  1  430  374  439  1037  282  577  
130  1  814  201  1063  331  311  1031  
131  1  890  438  488  123  465  615  
132  1  1019  395  310  566  221  316  
133  1  647  328  323  609  804  126  
134  1  369  658  993  827  249  461  
135  1  446  493  842  964  96  377  
136  1  396  494  937  249  526  712  
137  1  720  961  673  149  863  432  
138  1  893  465  544  521  615  382  
139  1  648  186  540  722  710  745  
140  1  289  523  871  527  858  415  
141  1  152  790  308  158  1012  697  
142  1  192  641  793  182  998  927  
143  1  743  472  126  531  430  983  
144  1  398  504  985  528  664  546  
145  1  655  333  135  834  177  952  
146  1  306  944  285  785  691  216  
147  1  360  164  678  924  344  851  
148  1  549  492  137  240  1019  829  
149  1  218  873  573  880  76  844  
150  1  356  349  811  1036  387  474  
151  1  835  526  423  678  56  479  
152  1  810  425  891  584  428  526  
153  1  556  900  322  906  863  214  
154  1  701  599  667  335  490  615  
155  1  170  597  682  792  484  892  
156  1  1047  734  284  667  392  249  
157  1  936  124  458  622  403  798  
158  1  222  981  480  789  476  802  
159  1  576  636  555  484  810  398  
160  1  333  256  564  571  704  818  
161  1  891  313  621  1011  116  231  
162  1  720  464  1003  143  685  185  
163  1  384  716  303  410  184  695  
164  1  949  497  623  610  189  458  
165  1  810  135  480  986  530  183  
166  1  309  949  364  535  836  597  
167  1  354  415  878  649  879  375  
168  1  580  425  206  788  1056  98  
169  1  212  417  548  777  549  691  
170  1  184  676  474  790  1064  249  
171  1  737  99  783  569  893  191  
172  1  655  854  749  128  1031  284  
173  1  532  203  682  991  653  326  
174  1  544  854  392  896  333  182  
175  1  379  838  471  265  232  805  
176  1  293  600  467  808  916  634  
177  1  547  259  385  990  318  863  
178  1  679  938  478  747  338  322  
179  1  385  119  981  532  849  514  
180  1  612  592  707  456  805  604  
181  1  625  1015  221  896  365  303  
182  1  971  275  674  56  524  685  
183  1  350  348  883  781  618  574  
184  1  503  321  840  389  977  472  
185  1  892  191  915  794  578  396  
186  1  478  666  266  792  650  676  
187  1  568  479  530  681  388  304  
188  1  215  731  444  276  837  887  
189  1  549  771  301  817  425  584  
190  1  580  390  398  998  652  249  
191  1  643  570  760  274  272  580  
192  1  527  588  586  101  976  472  
193  1  596  1084  239  562  752  445  
194  1  777  175  416  645  632  524  
195  1  646  495  673  718  493  428  
196  1  188  884  208  899  390  449  
197  1  757  800  725  621  161  291  
198  1  632  626  374  851  890  159  
199  1  96  478  931  285  419  838  
200  1  560  763  248  586  917  315  
201  1  362  757  427  529  856  739  
202  1  178  644  383  704  737  641  
203  1  585  913  267  885  331  571  
204  1  615  402  975  222  548  285  
205  1  681  245  494  204  405  629  
206  1  231  316  925  461  642  945  
207  1  450  614  920  277  604  652  
208  1  1030  567  595  561  479  131  
209  1  665  967  254  935  272  649  
210  1  913  389  527  342  838  359  
211  1  858  189  988  711  895  314  
212  1  650  286  369  1059  1015  451  
213  1  698  770  149  776  357  433  
214  1  109  808  602  965  275  646  
215  1  371  608  423  584  1039  286  
216  1  465  879  428  715  549  65  
217  1  77  931  283  865  407  670  
218  1  136  867  37  635  641  901  
219  1  971  645  150  526  708  596  
220  1  684  611  570  1091  631  432  
221  1  481  913  125  876  174  834  
222  1  937  598  69  477  252  350  
223  1  462  910  180  728  563  768  
224  1  960  376  677  185  446  106  
225  1  775  1038  294  469  411  401  
226  1  73  669  772  450  383  843  
227  1  658  524  342  110  939  497  
228  1  628  419  849  76  457  771  
229  1  931  561  561  947  90  843  
230  1  291  984  70  765  276  765  
231  1  527  1028  369  561  416  745  
232  1  263  800  740  564  199  878  
233  1  724  675  585  623  723  582  
234  1  544  137  532  963  146  876  
235  1  203  351  899  959  146  654  
236  1  858  334  526  514  997  335  
237  1  839  745  587  443  138  538  
238  1  128  694  763  380  872  269  
239  1  344  839  538  708  159  1028  
240  1  693  214  733  600  1010  480  
241  1  692  339  598  0  500  1003  
242  1  340  495  883  577  262  800  
243  1  663  140  626  627  920  292  
244  1  996  315  1057  632  454  232  
245  1  766  624  718  646  568  66  
246  1  349  892  782  185  956  358  
247  1  616  908  758  779  144  569  
248  1  1037  201  631  740  243  653  
249  1  86  947  849  167  687  606  
250  1  470  606  262  890  407  923  
251  1  742  936  294  682  913  269  
252  1  1046  316  296  1007  239  525  
253  1  514  468  937  202  310  906  
254  1  376  512  369  922  21  859  
255  1  503  665  697  129  962  700  
256  1  23  926  878  419  865  369  
257  1  910  483  520  1042  452  403  
258  1  621  288  461  171  416  809  
259  1  961  523  489  884  683  279  
260  1  288  504  403  221  976  582  
261  1  928  261  867  319  484  474  
262  1  515  255  320  920  924  436  
263  1  870  118  476  528  445  405  
264  1  431  548  636  87  923  929  
265  1  952  273  960  101  191  484  
266  1  594  442  677  252  565  909  
267  1  268  809  115  633  141  957  
268  1  547  951  541  708  153  583  
269  1  349  974  299  304  940  549  
270  1  990  489  328  162  764  165  
271  1  536  459  572  201  786  383  
272  1  926  1003  320  92  807  47  
273  1  303  459  916  633  387  374  
274  1  433  719  83  274  810  821  
275  1  348  780  239  548  751  710  
276  1  593  693  123  711  867  642  
277  1  736  195  125  677  708  791  
278  1  673  251  674  484  908  351  
279  1  121  712  337  821  123  902  
280  1  321  792  681  463  293  1006  
281  1  854  214  614  644  410  79  
282  1  102  230  852  662  384  1030  
283  1  907  91  1029  253  469  888  
284  1  123  770  369  937  665  413  
285  1  638  169  701  598  635  272  
286  1  756  352  521  918  637  499  
287  1  540  958  523  352  949  541  
288  1  634  783  469  309  590  626  
289  1  624  820  191  661  356  456  
290  1  327  689  394  807  382  879  
291  1  669  343  669  138  843  976  
292  1  406  771  200  933  423  783  
293  1  514  328  482  387  545  908  
294  1  487  355  485  1019  456  158  
295  1  213  701  409  167  947  971  
296  1  325  916  152  648  460  591  
297  1  951  334  898  289  865  296  
298  1  293  731  355  846  270  703  
299  1  684  861  91  589  485  938  
300  1  406  463  871  800  142  1073  
301  1  808  100  867  173  578  933  
302  1  1028  80  964  521  535  566  
303  1  768  536  1008  295  379  94  
304  1  456  430  696  469  146  1009  
305  1  775  863  274  841  289  128  
306  1  469  425  746  908  306  646  
307  1  517  113  860  134  657  968  
308  1  702  248  1052  905  124  468  
309  1  524  599  890  519  458  243  
310  1  108  162  982  339  628  910  
311  1  493  424  593  799  862  237  
312  1  347  656  316  897  224  523  
313  1  294  792  692  102  533  646  
314  1  35  995  705  47  702  727  
315  1  266  758  409  873  903  433  
316  1  611  273  439  631  589  937  
317  1  468  472  433  646  517  756  
318  1  252  493  732  614  726  289  
319  1  756  291  784  629  217  660  
320  1  582  847  791  67  786  116  
321  1  1000  468  352  372  846  322  
322  1  808  532  309  417  957  195  
323  1  799  529  391  345  955  276  
324  1  609  865  431  264  157  950  
325  1  88  494  308  1039  684  222  
326  1  199  501  396  918  340  521  
327  1  907  759  512  523  482  880  
328  1  240  520  454  587  827  464  
329  1  603  654  793  766  256  371  
330  1  493  822  662  216  904  388  
331  1  858  944  245  635  788  175  
332  1  732  379  216  926  468  687  
333  1  311  937  372  218  825  503  
334  1  826  313  800  184  633  318  
335  1  148  928  284  648  947  759  
336  1  379  1042  654  208  589  750  
337  1  514  1008  626  382  424  408  
338  1  839  395  623  495  640  677  
339  1  530  375  615  605  247  657  
340  1  855  587  776  756  501  359  
341  1  473  206  1043  741  474  721  
342  1  480  188  987  433  541  602  
343  1  438  947  246  611  536  520  
344  1  523  371  980  313  662  336  
345  1  763  262  454  677  370  433  
346  1  546  693  58  854  938  561  
347  1  380  354  1044  102  499  747  
348  1  706  186  287  899  710  445  
349  1  647  617  744  563  892  287  
350  1  243  961  610  317  541  557  
351  1  695  685  441  463  1008  728  
352  1  532  38  704  287  1045  494  
353  1  531  716  9  995  689  485  
354  1  182  370  734  945  522  638  
355  1  187  1058  267  103  1035  205  
356  1  414  953  613  373  58  969  
357  1  544  236  385  993  258  817  
358  1  671  92  747  744  271  964  
359  1  437  821  232  922  698  211  
360  1  990  617  1020  556  361  277  
361  1  560  706  234  569  65  827  
362  1  366  356  252  660  753  436  
363  1  348  776  673  540  594  962  
364  1  188  904  380  89  945  675  
365  1  516  794  177  722  533  488  
366  1  29  618  423  617  541  904  
367  1  433  76  429  569  835  873  
368  1  417  978  180  464  530  668  
369  1  819  708  447  269  1042  600  
370  1  924  857  344  331  725  264  
371  1  273  304  890  272  805  834  
372  1  344  735  821  563  602  198  
373  1  412  552  336  670  830  550  
374  1  215  829  862  231  388  937  
375  1  299  370  784  921  417  646  
376  1  1046  829  468  748  311  119  
377  1  848  648  510  926  342  359  
378  1  841  442  814  550  690  130  
379  1  829  637  452  279  963  167  
380  1  790  156  437  518  770  515  
381  1  52  885  785  129  877  378  
382  1  625  130  739  924  702  406  
383  1  74  1002  211  541  327  992  
384  1  270  490  866  792  116  450  
385  1  232  206  766  569  710  749  
386  1  196  560  399  860  612  490  
387  1  41  632  351  1032  200  713  
388  1  678  482  878  740  480  66  
389  1  382  791  187  928  666  263  
390  1  324  787  381  388  129  754  
391  1  694  636  150  752  247  966  
392  1  785  743  244  823  517  188  
393  1  582  624  996  583  357  564  
394  1  15  726  844  163  824  991  
395  1  1065  263  371  583  483  469  
396  1  482  648  342  660  941  278  
397  1  924  409  952  343  867  165  
398  1  674  513  441  885  388  532  
399  1  533  690  260  669  800  68  
400  1  844  959  199  425  578  165  
401  1  219  1072  615  330  713  790  
402  1  764  747  182  665  988  350  
403  1  507  671  265  675  425  757  
404  1  360  573  219  885  909  608  
405  1  408  421  451  753  916  139  
406  1  795  176  613  1014  528  244  
407  1  94  144  568  638  857  919  
408  1  747  351  595  808  599  394  
409  1  57  886  179  207  894  743  
410  1  105  523  355  766  982  365  
411  1  896  578  247  391  711  806  
412  1  670  601  358  104  720  391  
413  1  549  677  882  359  464  514  
414  1  399  738  165  947  655  250  
415  1  360  1019  399  98  139  912  
416  1  740  245  366  935  544  1037  
417  1  684  782  707  354  143  770  
418  1  525  710  416  260  620  889  
419  1  545  439  885  560  251  695  
420  1  114  733  754  296  170  922  
421  1  468  485  600  724  205  433  
422  1  449  768  898  247  170  814  
423  1  420  345  369  801  788  417  
424  1  598  257  847  462  328  283  
425  1  1050  777  575  251  1016  436  
426  1  473  616  97  274  1028  738  
427  1  845  480  351  947  565  39  
428  1  408  1028  627  463  701  215  
429  1  628  942  442  662  552  446  
430  1  881  420  620  374  701  360  
431  1  378  748  618  621  395  688  
432  1  312  393  371  464  604  963  
433  1  420  1003  351  633  590  261  
434  1  771  838  134  130  484  796  
435  1  527  1019  824  749  623  128  
436  1  944  895  795  193  534  499  
437  1  295  149  357  757  762  853  
438  1  529  406  577  832  199  264  
439  1  448  555  662  910  228  992  
440  1  461  846  148  255  573  808  
441  1  804  275  908  612  365  838  
442  1  771  634  792  352  598  901  
443  1  548  852  460  220  955  509  
444  1  298  492  478  759  233  641  
445  1  619  553  517  492  205  621  
446  1  772  723  227  369  883  296  
447  1  879  376  359  742  194  592  
448  1  753  906  403  406  612  198  
449  1  533  341  584  428  608  345  
450  1  473  873  310  550  499  907  
451  1  277  598  539  519  643  771  
452  1  677  268  456  514  680  477  
453  1  996  562  495  911  112  416  
454  1  709  801  370  678  410  212  
455  1  613  358  703  703  420  773  
456  1  586  487  67  404  1039  518  
457  1  913  429  330  584  416  372  
458  1  296  640  411  728  534  607  
459  1  830  96  799  375  869  520  
460  1  510  582  436  550  479  696  
461  1  541  319  1024  120  933  260  
462  1  414  811  179  510  878  283  
463  1  289  874  885  326  63  951  
464  1  430  440  793  394  515  749  
465  1  358  574  595  606  591  451  
466  1  633  79  589  978  175  512  
467  1  673  717  843  604  273  330  
468  1  462  736  205  595  519  1034  
469  1  233  421  697  655  411  477  
470  1  497  850  62  581  780  432  
471  1  952  672  321  855  600  195  
472  1  200  551  778  375  389  846  
473  1  773  787  706  470  655  410  
474  1  281  738  745  719  278  470  
475  1  513  703  971  748  312  223  
476  1  222  1008  77  649  515  641  
477  1  258  690  973  452  388  797  
478  1  372  307  619  608  966  693  
479  1  565  222  97  900  324  1053  
480  1  887  831  585  522  293  192  
481  1  1027  352  207  443  946  98  
482  1  516  327  274  569  780  511  
483  1  525  502  504  599  368  480  
484  1  861  593  495  816  182  550  
485  1  550  842  278  523  737  284  
486  1  359  219  985  419  682  561  
487  1  473  770  645  135  1023  481  
488  1  580  342  824  326  859  316  
489  1  474  480  971  406  687  412  
490  1  721  293  1025  317  250  165  
491  1  626  593  393  429  672  731  
492  1  933  393  704  650  708  464  
493  1  993  375  658  717  126  155  
494  1  480  759  456  106  564  794  
495  1  159  592  788  751  190  762  
496  1  549  534  149  602  465  886  
497  1  963  650  615  150  938  427  
498  1  785  755  604  559  132  649  
499  1  910  806  401  247  264  838  
500  1  515  888  579  899  256  72  
501  1  775  269  924  318  419  874  
502  1  486  286  1003  328  378  655  
503  1  496  626  478  45  837  916  
504  1  915  464  404  161  684  667  
505  1  753  161  487  653  602  610  
506  1  86  861  631  583  702  496  
507  1  802  99  885  44  789  723  
508  1  794  607  233  487  629  368  
509  1  750  421  503  372  676  425  
510  1  248  1029  674  298  512  620  
511  1  581  227  619  960  622  327  
512  1  260  710  603  305  745  683  
513  1  735  335  929  740  264  661  
514  1  144  682  560  817  25  746  
515  1  878  123  880  647  323  472  
516  1  728  352  966  227  170  994  
517  1  702  972  203  1004  559  390  
518  1  276  917  646  379  613  602  
519  1  1057  221  382  423  900  314  
520  1  953  554  669  846  405  198  
521  1  949  881  115  370  803  454  
522  1  916  688  691  612  662  328  
523  1  241  964  167  781  588  459  
524  1  566  836  717  623  857  443  
525  1  763  651  360  549  423  131  
526  1  972  145  641  353  656  282  
527  1  819  83  597  651  867  195  
528  1  687  220  554  393  458  786  
529  1  1028  863  112  487  427  410  
530  1  139  390  1033  606  270  400  
531  1  392  617  83  505  1028  345  
532  1  478  402  483  665  301  586  
533  1  681  830  703  73  379  534  
534  1  821  634  319  105  596  635  
535  1  911  101  721  565  587  212  
536  1  246  538  879  190  902  535  
537  1  251  598  1023  414  435  705  
538  1  813  745  70  831  722  380  
539  1  543  810  716  370  380  950  
540  1  185  344  742  662  327  757  
541  1  566  520  643  629  307  502  
542  1  745  390  985  92  860  196  
543  1  319  822  122  952  441  895  
544  1  521  666  125  918  216  482  
545  1  529  356  511  565  852  194  
546  1  459  328  696  350  428  971  
547  1  553  656  804  72  237  731  
548  1  459  874  492  369  183  890  
549  1  682  794  913  813  345  189  
550  1  387  530  81  383  638  751  
551  1  1017  590  157  537  552  321  
552  1  356  428  424  709  469  902  
553  1  553  513  528  328  899  174  
554  1  845  299  697  731  908  84  
555  1  109  628  373  833  649  902  
556  1  167  618  288  822  581  1096  
557  1  480  364  384  501  889  866  
558  1  192  648  287  310  594  410  
559  1  518  692  387  861  814  173  
560  1  662  756  174  822  365  240  
561  1  299  799  363  494  377  529  
562  1  635  887  221  523  797  304  
563  1  853  801  556  619  313  441  
564  1  766  546  384  549  938  722  
565  1  509  713  396  417  517  341  
566  1  460  717  735  306  774  569  
567  1  512  695  906  166  585  259  
568  1  933  684  72  439  395  587  
569  1  385  295  823  202  350  876  
570  1  1036  655  32  750  1017  286  
571  1  596  778  441  794  85  655  
572  1  185  778  102  796  459  998  
573  1  208  871  887  724  216  823  
574  1  753  303  427  547  938  355  
575  1  750  331  597  783  375  227  
576  1  210  516  181  659  545  821  
577  1  668  189  877  115  675  110  
578  1  543  662  586  237  709  475  
579  1  152  992  311  756  463  597  
580  1  285  732  147  647  1028  346  
581  1  882  159  341  539  472  771  
582  1  151  658  928  230  663  844  
583  1  902  276  205  845  220  865  
584  1  494  553  937  406  188  864  
585  1  804  711  317  888  278  339  
586  1  807  183  690  344  716  369  
587  1  845  442  748  245  524  281  
588  1  758  84  712  827  159  675  
589  1  705  228  464  708  205  675  
590  1  855  524  410  666  227  295  
591  1  678  580  695  755  586  446  
592  1  104  627  778  554  686  419  
593  1  482  471  910  347  47  693  
594  1  804  476  795  604  608  516  
595  1  788  142  885  1068  171  492  
596  1  785  290  1031  114  1038  401  
597  1  286  786  767  999  499  73  
598  1  271  914  194  264  468  632  
599  1  250  952  728  197  769  666  
600  1  840  530  544  130  475  844  
601  1  66  79  538  668  851  669  
602  1  489  1059  207  863  181  678  
603  1  768  435  551  473  88  836  
604  1  508  866  167  791  87  256  
605  1  187  773  714  352  740  99  
606  1  799  255  869  672  232  634  
607  1  107  1031  721  637  715  269  
608  1  737  1059  176  603  799  25  
609  1  563  662  494  661  255  629  
610  1  226  283  894  434  152  757  
611  1  192  124  972  379  633  600  
612  1  110  755  1019  619  714  670  
613  1  348  583  665  635  588  993  
614  1  273  788  443  665  425  514  
615  1  360  527  289  749  537  911  
616  1  882  603  866  500  251  685  
617  1  108  950  935  343  558  350  
618  1  409  480  359  410  315  1014  
619  1  416  606  221  714  635  971  
620  1  1029  643  645  223  572  229  
621  1  172  591  652  840  112  976  
622  1  425  298  1016  90  445  721  
623  1  701  691  320  158  519  833  
624  1  483  311  523  990  590  788  
625  1  442  569  966  509  718  208  
626  1  687  80  836  394  616  905  
627  1  735  884  122  955  405  384  
628  1  643  359  982  38  857  585  
629  1  869  656  110  468  649  699  
630  1  470  521  521  90  983  384  
631  1  792  543  343  818  414  727  
632  1  299  1042  399  500  1000  215  
633  1  683  399  211  571  493  743  
634  1  218  78  980  143  723  899  
635  1  898  216  575  886  638  211  
636  1  972  96  871  566  69  788  
637  1  519  815  288  405  1043  340  
638  1  404  418  309  917  286  605  
639  1  364  885  715  204  874  446  
640  1  1019  119  994  288  495  407  
641  1  10  617  834  107  995  400  
642  1  424  793  745  320  397  808  
643  1  139  777  467  519  738  650  
644  1  245  696  576  554  593  825  
645  1  355  613  729  971  582  185  
646  1  652  240  775  391  865  264  
647  1  587  753  556  68  960  56  
648  1  798  389  262  900  163  575  
649  1  506  264  762  213  1084  277  
650  1  661  1025  545  430  187  480  
651  1  115  974  238  379  935  627  
652  1  361  954  649  271  901  480  
653  1  793  859  576  444  310  632  
654  1  594  932  714  628  493  854  
655  1  169  705  617  995  236  666  
656  1  743  213  711  470  434  655  
657  1  477  125  510  773  575  601  
658  1  746  271  890  443  553  651  
659  1  512  184  799  465  320  821  
660  1  510  543  156  714  1020  397  
661  1  722  368  614  473  471  419  
662  1  557  401  819  171  583  781  
663  1  502  480  971  485  626  490  
664  1  380  547  1021  106  899  763  
665  1  454  62  668  496  795  728  
666  1  557  454  687  987  52  297  
667  1  978  587  922  580  242  33  
668  1  278  649  724  523  180  791  
669  1  171  788  252  686  636  521  
670  1  425  816  444  237  574  872  
671  1  323  819  258  855  727  120  
672  1  253  642  1004  233  878  329  
673  1  586  739  531  878  718  406  
674  1  458  221  615  754  425  743  
675  1  610  67  862  973  528  566  
676  1  359  553  909  154  981  373  
677  1  590  737  787  406  299  616  
678  1  475  806  426  105  984  256  
679  1  562  586  467  573  827  272  
680  1  512  122  668  989  744  612  
681  1  654  537  387  955  351  768  
682  1  926  726  877  353  389  406  
683  1  691  319  780  376  607  875  
684  1  442  902  654  629  326  472  
685  1  414  440  758  517  117  990  
686  1  635  352  538  796  259  103  
687  1  96  960  514  216  714  713  
688  1  175  636  700  388  93  972  
689  1  594  298  930  671  718  299  
690  1  401  595  753  723  399  761  
691  1  559  373  577  262  235  725  
692  1  540  594  625  397  314  187  
693  1  410  734  988  426  424  373  
694  1  893  420  367  515  642  342  
695  1  764  485  571  306  865  358  
696  1  265  374  58  914  588  766  
697  1  497  325  919  309  966  616  
698  1  101  776  609  592  205  776  
699  1  327  448  244  790  544  949  
700  1  850  494  373  241  1044  83  
701  1  602  541  10  606  709  618  
702  1  34  907  961  343  739  425  
703  1  679  177  1001  615  858  395  
704  1  438  779  967  291  829  73  
705  1  874  906  119  733  244  703  
706  1  627  156  468  954  664  424  
707  1  903  588  179  119  927  653  
708  1  584  600  772  433  401  157  
709  1  141  391  614  808  926  547  
710  1  568  890  364  379  913  252  
711  1  912  96  394  610  524  619  
712  1  117  389  808  988  759  491  
713  1  686  490  220  786  167  767  
714  1  861  370  354  672  134  672  
715  1  531  699  552  1014  121  619  
716  1  227  766  483  967  510  772  
717  1  635  579  606  504  769  152  
718  1  85  314  383  699  850  387  
719  1  308  767  782  156  981  768  
720  1  198  883  744  366  711  1013  
721  1  540  700  188  485  792  675  
722  1  655  919  365  509  781  356  
723  1  558  355  833  700  438  156  
724  1  898  385  397  786  625  248  
725  1  920  695  103  605  603  333  
726  1  485  282  619  505  617  617  
727  1  714  861  552  295  708  131  
728  1  97  674  665  625  134  969  
729  1  300  266  934  390  679  267  
730  1  728  550  285  683  963  75  
731  1  308  463  854  991  527  55  
732  1  230  347  548  914  391  984  
733  1  458  798  297  1013  788  321  
734  1  679  669  748  126  495  216  
735  1  369  335  439  677  667  378  
736  1  552  477  785  875  420  116  
737  1  724  342  1055  432  1063  283  
738  1  800  707  314  203  1028  174  
739  1  223  647  904  383  833  378  
740  1  218  970  541  698  481  910  
741  1  814  624  566  603  98  558  
742  1  734  728  445  426  124  782  
743  1  248  822  575  513  526  930  
744  1  625  191  581  979  90  779  
745  1  81  914  311  525  514  1019  
746  1  801  546  482  614  267  1050  
747  1  579  117  786  634  396  626  
748  1  234  403  723  524  350  853  
749  1  822  308  264  526  586  512  
750  1  251  356  1012  662  547  300  
751  1  387  190  889  571  328  819  
752  1  816  528  966  460  684  147  
753  1  284  764  114  815  224  1024  
754  1  732  1005  239  196  882  542  
755  1  605  524  616  698  362  673  
756  1  448  950  138  1030  947  196  
757  1  973  855  209  263  602  458  
758  1  803  500  160  788  433  374  
759  1  277  346  938  155  1013  693  
760  1  687  456  953  177  263  767  
761  1  831  719  131  1025  624  440  
762  1  756  320  967  388  779  151  
763  1  69  984  843  249  719  517  
764  1  110  948  509  52  1034  859  
765  1  849  448  94  648  601  108  
766  1  952  642  132  998  176  740  
767  1  221  701  757  707  560  609  
768  1  476  627  557  654  919  363  
769  1  866  56  629  1026  456  506  
770  1  785  565  543  591  422  537  
771  1  371  430  789  335  997  261  
772  1  933  709  352  471  835  253  
773  1  420  571  695  176  399  865  
774  1  711  756  910  441  182  252  
775  1  264  746  310  779  169  799  
776  1  749  793  594  461  116  483  
777  1  502  373  730  1043  224  810  
778  1  903  523  566  638  227  639  
779  1  463  702  326  627  335  964  
780  1  372  946  438  119  889  274  
781  1  449  526  412  619  395  858  
782  1  428  186  1060  611  483  139  
783  1  268  393  306  502  418  1035  
784  1  509  872  275  358  354  910  
785  1  585  61  902  517  1007  151  
786  1  592  422  492  907  665  726  
787  1  393  653  339  591  760  851  
788  1  901  372  737  431  430  427  
789  1  225  806  870  153  733  310  
790  1  798  399  977  142  511  826  
791  1  465  238  607  490  867  282  
792  1  767  761  135  522  419  564  
793  1  322  361  877  90  100  1007  
794  1  884  94  406  731  512  535  
795  1  506  426  431  782  458  791  
796  1  151  576  980  270  346  912  
797  1  295  400  694  802  920  137  
798  1  244  435  833  81  504  763  
799  1  869  714  894  616  591  186  
800  1  892  38  788  212  993  676  
801  1  305  857  504  205  332  1009  
802  1  265  295  875  493  387  679  
803  1  845  873  290  402  601  316  
804  1  851  620  1049  321  108  679  
805  1  409  287  635  603  219  845  
806  1  130  391  789  658  857  128  
807  1  823  626  348  540  707  166  
808  1  396  394  835  486  210  965  
809  1  139  190  792  487  259  881  
810  1  146  607  844  1009  596  567  
811  1  451  785  508  376  729  708  
812  1  108  779  866  637  493  102  
813  1  672  767  515  432  648  591  
814  1  566  913  282  129  704  811  
815  1  604  413  534  615  86  743  
816  1  808  815  144  851  761  169  
817  1  828  242  858  684  675  614  
818  1  607  881  655  339  479  324  
819  1  497  559  203  967  635  111  
820  1  815  591  120  747  476  298  
821  1  444  903  566  65  626  1055  
822  1  929  418  725  518  116  591  
823  1  316  871  715  84  1009  558  
824  1  652  209  881  576  483  733  
825  1  870  357  708  499  144  905  
826  1  403  954  806  124  840  296  
827  1  127  952  734  558  574  234  
828  1  951  703  429  25  701  127  
829  1  430  575  413  458  531  851  
830  1  630  525  226  785  327  766  
831  1  870  560  117  560  490  863  
832  1  253  306  662  376  828  756  
833  1  777  729  557  230  860  403  
834  1  647  853  537  350  621  581  
835  1  680  973  487  314  140  717  
836  1  749  425  668  896  80  1022  
837  1  128  195  781  778  848  459  
838  1  42  567  867  321  258  961  
839  1  930  295  649  367  568  286  
840  1  166  630  760  371  703  523  
841  1  887  327  409  786  728  257  
842  1  762  341  282  164  1028  274  
843  1  746  749  219  545  328  947  
844  1  822  411  865  462  819  299  
845  1  251  713  372  355  570  695  
846  1  665  628  814  764  121  418  
847  1  817  213  623  447  482  698  
848  1  502  693  104  343  865  444  
849  1  639  582  645  586  642  477  
850  1  749  452  211  679  668  522  
851  1  914  316  490  848  773  108  
852  1  525  575  770  429  459  798  
853  1  795  562  633  615  706  394  
854  1  363  420  974  551  68  912  
855  1  542  592  823  416  520  574  
856  1  655  750  409  143  845  117  
857  1  358  471  655  887  303  951  
858  1  156  472  964  507  360  503  
859  1  558  650  619  164  805  884  
860  1  124  529  893  355  474  966  
861  1  905  142  793  387  87  758  
862  1  680  221  963  339  509  252  
863  1  665  355  520  804  182  415  
864  1  93  193  541  809  706  452  
865  1  670  414  696  992  696  297  
866  1  275  759  815  202  529  964  
867  1  645  910  578  51  723  322  
868  1  725  755  686  241  838  215  
869  1  1025  175  535  533  527  684  
870  1  91  759  453  509  442  564  
871  1  491  414  865  759  459  267  
872  1  577  95  665  372  685  915  
873  1  154  805  479  629  407  845  
874  1  476  765  825  212  562  143  
875  1  540  433  1006  246  854  684  
876  1  681  680  284  201  771  166  
877  1  678  519  357  577  1005  505  
878  1  829  282  935  246  715  160  
879  1  377  544  344  652  870  308  
880  1  382  677  556  747  302  894  
881  1  766  560  134  955  869  376  
882  1  673  535  506  433  702  803  
883  1  713  615  618  163  704  741  
884  1  845  249  432  899  302  703  
885  1  341  734  107  920  91  789  
886  1  733  520  363  677  512  662  
887  1  639  603  264  323  577  733  
888  1  828  276  432  435  409  655  
889  1  909  188  564  810  465  664  
890  1  621  496  427  966  750  658  
891  1  544  565  723  299  494  718  
892  1  717  787  538  260  595  341  
893  1  1043  136  628  962  621  46  
894  1  809  751  200  805  594  326  
895  1  265  597  595  361  216  904  
896  1  856  592  654  989  286  501  
897  1  313  486  487  624  819  631  
898  1  84  689  752  995  599  143  
899  1  614  441  599  401  409  563  
900  1  250  633  752  650  518  801  
901  1  601  611  841  611  313  189  
902  1  70  554  533  656  946  705  
903  1  245  954  452  263  237  902  
904  1  852  105  521  353  837  356  
905  1  334  252  639  763  984  520  
906  1  907  314  649  619  890  536  
907  1  443  679  519  973  326  458  
908  1  546  188  761  478  563  838  
909  1  825  928  670  149  447  251  
910  1  701  641  721  465  362  438  
911  1  126  474  430  645  559  960  
912  1  504  399  869  358  1030  409  
913  1  635  405  263  537  82  756  
914  1  687  863  861  461  194  312  
915  1  489  520  596  887  689  389  
916  1  632  513  532  656  697  850  
917  1  399  541  457  221  902  330  
918  1  119  396  335  824  649  734  
919  1  1063  572  186  640  135  696  
920  1  269  714  799  429  496  484  
921  1  920  652  882  587  52  346  
922  1  173  991  586  672  433  570  
923  1  233  755  201  730  381  757  
924  1  882  497  396  802  138  498  
925  1  468  725  407  760  554  85  
926  1  356  965  256  614  377  610  
927  1  323  1007  169  617  612  616  
928  1  628  626  442  133  763  597  
929  1  1052  104  909  307  190  512  
930  1  395  843  458  938  409  373  
931  1  802  343  132  968  354  718  
932  1  615  110  975  451  686  404  
933  1  570  120  504  606  851  428  
934  1  593  734  905  311  337  760  
935  1  920  391  610  328  665  844  
936  1  547  393  864  759  363  175  
937  1  176  890  787  804  245  321  
938  1  705  637  635  522  204  751  
939  1  783  961  225  1067  314  220  
940  1  676  415  467  320  524  757  
941  1  560  635  828  731  622  224  
942  1  119  646  477  1086  703  692  
943  1  677  213  972  487  389  653  
944  1  660  282  506  687  722  598  
945  1  283  893  628  457  380  893  
946  1  391  1012  58  967  915  150  
947  1  854  923  567  165  516  457  
948  1  802  888  238  117  891  69  
949  1  523  945  251  226  485  1029  
950  1  647  373  967  451  217  421  
951  1  738  327  720  779  358  296  
952  1  529  760  877  495  474  461  
953  1  365  707  535  603  458  670  
954  1  415  906  813  22  975  289  
955  1  349  790  373  710  539  409  
956  1  290  666  664  342  342  985  
957  1  561  741  78  858  240  408  
958  1  168  906  385  827  686  530  
959  1  102  415  1023  418  287  999  
960  1  154  771  210  229  851  819  
961  1  615  283  367  410  833  206  
962  1  369  317  955  364  444  888  
963  1  595  44  241  532  921  719  
964  1  665  682  405  500  1008  118  
965  1  668  434  966  497  880  128  
966  1  502  917  542  188  1062  79  
967  1  792  570  570  969  128  592  
968  1  954  445  416  868  896  155  
969  1  777  655  690  687  181  600  
970  1  477  286  625  173  712  873  
971  1  292  868  267  838  354  664  
972  1  341  417  549  234  563  999  
973  1  152  888  206  800  736  38  
974  1  228  453  868  625  461  793  
975  1  205  543  679  901  209  535  
976  1  584  861  370  645  803  348  
977  1  745  239  1041  612  184  672  
978  1  155  337  858  426  989  727  
979  1  364  544  989  159  690  314  
980  1  950  719  444  303  955  112  
981  1  216  713  131  696  654  844  
982  1  437  610  745  949  179  647  
983  1  386  916  429  899  387  353  
984  1  840  633  341  474  520  568  
985  1  588  371  571  689  422  497  
986  1  112  752  614  771  728  482  
987  1  168  492  271  349  1016  507  
988  1  97  715  490  569  579  813  
989  1  637  617  669  522  444  416  
990  1  413  471  630  856  222  797  
991  1  949  525  326  839  138  916  
992  1  388  617  187  908  772  653  
993  1  867  445  141  879  918  116  
994  1  809  745  681  37  431  803  
995  1  660  1073  705  806  249  160  
996  1  635  768  698  388  983  122  
997  1  573  755  402  242  1044  543  
998  1  332  789  652  530  859  423  
999  1  565  484  518  699  358  495  
1000  1  583  866  447  641  685  849  
