4  1  4333  1000  1000  1000  2249  6763  3328
22  1  4333  1000  1000  2333  2249  4463  2983
48  1  4333  1000  1000  3666  4749  3447  3648
55  1  4333  1000  1000  2666  4749  3396  3428
59  1  4333  1000  1000  3666  4749  3348  3543
60  1  4333  1000  1000  4000  6000  3333  3894
62  1  4333  1000  1000  2666  7250  3298  3758
68  1  4333  1000  1000  3333  4749  3190  3430
69  1  4333  1000  1000  4333  4749  3179  3600
79  1  4333  1000  1000  3666  9750  3072  4637
85  1  4333  1000  1000  4333  9750  2967  4750
96  1  4333  1000  1000  7000  9750  2693  5274
121  1  4333  1000  4333  3666  2249  4364  4051
142  1  4333  1000  4333  1666  4749  3479  3844
164  1  4333  1000  4333  2000  6000  3214  4330
167  1  4333  1000  4333  4333  4749  3157  4366
170  1  4333  1000  4333  3000  6000  3127  4376
183  1  4333  1000  4333  4333  9750  2944  5395
187  1  4333  1000  4333  4000  6000  2882  4440
193  1  4333  1000  4333  7000  8500  2706  5888
194  1  4333  1000  4333  7000  9750  2671  6010
205  1  4333  1000  1000  2666  1000  4937  2850
220  1  4333  1000  1000  2333  2249  3870  2839
221  1  4333  1000  1000  2000  3499  3857  3096
223  1  4333  1000  1000  2333  2249  3600  2778
249  1  4333  1000  1000  4000  4749  2936  3472
253  1  4333  1000  1000  2000  6000  2887  3344
262  1  4333  1000  1000  2000  6000  2776  3414
266  1  4333  1000  1000  2333  7250  2692  3675
278  1  4333  1000  1000  3666  9750  2565  4590
289  1  4333  1000  1000  6333  9750  2327  4933
295  1  4333  1000  1000  2666  1000  10539  4215
304  1  4333  1000  1000  1666  3499  4929  3311
310  1  4333  1000  1000  1000  2249  4322  2655
312  1  4333  1000  1000  2000  2249  4263  2890
316  1  4333  1000  1000  2333  2249  4002  2837
323  1  4333  1000  1000  1666  3499  3547  2896
332  1  4333  1000  1000  1666  4749  3160  3133
339  1  4333  1000  1000  1000  8500  3040  3834
352  1  4333  1000  1000  3000  4749  2887  3476
354  1  4333  1000  1000  4000  6000  2872  3900
356  1  4333  1000  1000  2666  7250  2837  3967
362  1  4333  1000  1000  3333  4749  2729  3168
366  1  4333  1000  1000  3000  6000  2689  3450
371  1  4333  1000  1000  4000  8500  2657  4465
376  1  4333  1000  1000  3666  9750  2565  4402
379  1  4333  1000  1000  4333  9750  2506  4647
382  1  4333  1000  1000  4333  4749  2465  3703
394  1  4333  1000  1000  1000  2249  9078  3754
395  1  4333  1000  1000  1000  1000  6554  2985
406  1  4333  1000  1000  2333  1000  4418  2643
411  1  4333  1000  1000  2666  1000  4113  2682
437  1  4333  1000  1000  1000  8500  3040  3646
442  1  4333  1000  1000  3000  4749  2985  3218
443  1  4333  1000  1000  1666  4749  2970  2997
454  1  4333  1000  1000  2666  7250  2837  3791
502  1  4333  1000  1000  2000  2249  4626  2967
503  1  4333  1000  1000  1000  1000  4544  2632
505  1  4333  1000  1000  2666  1000  4396  2665
516  1  4333  1000  1000  1666  3499  3849  3083
517  1  4333  1000  1000  2333  2249  3600  2915
519  1  4333  1000  1000  1666  3499  3547  2785
529  1  4333  1000  1000  3666  3499  3151  3224
543  1  4333  1000  1000  4000  4749  2936  3616
552  1  4333  1000  1000  2666  7250  2837  3675
577  1  4333  1000  1000  4333  4749  2502  3647
584  1  4333  1000  1000  7000  8500  2298  5014
601  1  7666  1000  1000  1000  1000  4544  3382
606  1  7666  1000  1000  2000  2249  4263  3553
608  1  7666  1000  1000  2333  2249  4094  3617
609  1  7666  1000  1000  2000  2249  4038  3485
614  1  7666  1000  1000  1666  3499  3849  3874
622  1  7666  1000  1000  3333  3499  3358  3898
626  1  7666  1000  1000  1666  4749  3160  3742
645  1  7666  1000  1000  2000  6000  2887  4233
654  1  7666  1000  1000  2000  6000  2776  4091
661  1  7666  1000  1000  6000  6000  2689  4909
695  1  4333  1000  1000  2666  1000  4937  2903
701  1  4333  1000  1000  2666  1000  4396  2958
702  1  4333  1000  1000  1000  2249  4322  2623
706  1  4333  1000  1000  2333  2249  4094  2919
733  1  4333  1000  1000  2666  4749  2990  3335
744  1  4333  1000  1000  3000  4749  2887  3328
754  1  4333  1000  1000  3333  4749  2729  3294
757  1  4333  1000  1000  3666  4749  2689  3557
759  1  4333  1000  1000  6000  6000  2689  4195
764  1  4333  1000  1000  6000  7250  2644  4466
792  1  4333  1000  1000  2000  2249  5267  3260
801  1  4333  1000  1000  1666  3499  4302  3047
812  1  4333  1000  1000  2000  3499  3585  2893
835  1  4333  1000  1000  1666  4749  2970  3057
838  1  4333  1000  1000  2000  6000  2936  3379
846  1  4333  1000  1000  2666  7250  2837  3758
862  1  4333  1000  1000  6000  7250  2644  4448
870  1  4333  1000  1000  4000  6000  2503  3738
882  1  4333  1000  1000  11000  11000  2226  6167
885  1  4333  1000  1000  1000  1000  6554  2634
894  1  4333  1000  1000  2000  2249  4626  3124
915  1  4333  1000  1000  2000  3499  3377  2841
934  1  4333  1000  1000  1666  6000  2944  3317
939  1  4333  1000  1000  2000  6000  2887  3209
940  1  4333  1000  1000  3000  4749  2887  3301
941  1  4333  1000  1000  3666  4749  2887  3512
945  1  4333  1000  1000  3000  4749  2822  3287
952  1  4333  1000  1000  2333  7250  2692  3707
954  1  4333  1000  1000  3000  6000  2689  3672
959  1  4333  1000  1000  4000  8500  2657  4114
971  1  4333  1000  1000  4000  6000  2444  3839
974  1  4333  1000  1000  5666  6000  2426  4027
982  1  4333  1000  4333  1000  2249  9054  4581
984  1  4333  1000  4333  1000  2249  6277  3847
985  1  4333  1000  4333  1000  1000  5447  3390
997  1  4333  1000  4333  1666  3499  4278  4081
1012  1  4333  1000  4333  2666  2249  3387  3426
1013  1  4333  1000  4333  2000  3499  3352  3613
1019  1  4333  1000  4333  3666  3499  3126  3881
1028  1  4333  1000  4333  3666  4749  2961  4156
1040  1  4333  1000  4333  4000  6000  2848  4495
1044  1  4333  1000  4333  2000  6000  2794  4062
1064  1  4333  1000  4333  3666  9750  2494  5139
1078  1  4333  1000  4333  11000  11000  2201  6937
1084  1  4333  1000  7666  1000  2249  5277  4350
1098  1  4333  1000  7666  2333  2249  4058  4329
1102  1  4333  1000  7666  2333  2249  3835  4356
1106  1  4333  1000  7666  2000  3499  3550  4510
1124  1  4333  1000  7666  3000  4749  2995  4778
1146  1  4333  1000  7666  3333  4749  2694  4955
1150  1  4333  1000  7666  3000  6000  2654  4963
1155  1  4333  1000  7666  4000  8500  2622  5664
1158  1  4333  1000  7666  2333  7250  2557  5123
1159  1  4333  1000  7666  3666  8500  2550  5832
1190  1  4333  7666  4333  2333  1000  4362  4923
1204  1  4333  7666  4333  2000  3499  3529  5177
1205  1  4333  7666  4333  1666  3499  3491  5049
1227  1  4333  7666  4333  1666  4749  2914  5123
1233  1  4333  7666  4333  2000  6000  2831  5478
1234  1  4333  7666  4333  3000  4749  2831  5447
1236  1  4333  7666  4333  4000  6000  2817  5855
1241  1  4333  7666  4333  3666  4749  2732  5580
1247  1  4333  7666  4333  3666  4749  2633  5630
1268  1  4333  7666  4333  5666  6000  2371  6151
1294  1  4333  1000  7666  2333  2249  4022  4313
1296  1  4333  1000  7666  2333  2249  3931  4201
1304  1  4333  1000  7666  2333  2249  3397  4096
1307  1  4333  1000  7666  2000  3499  3306  4267
1310  1  4333  1000  7666  2000  3499  3183  4548
1313  1  4333  1000  7666  3666  3499  3079  4722
1327  1  4333  1000  7666  4000  4749  2865  4866
1347  1  4333  1000  7666  6000  6000  2618  5540
1351  1  4333  1000  7666  4000  8500  2586  5750
1355  1  4333  1000  7666  3666  8500  2514  5658
1365  1  4333  1000  7666  4000  6000  2361  5072
1366  1  4333  1000  7666  5666  6000  2355  5565
1375  1  4333  4333  4333  1000  1000  6455  4109
1377  1  4333  4333  4333  1000  1000  5372  4117
1388  1  4333  4333  4333  1000  2249  4223  4081
1405  1  4333  4333  4333  2000  3499  3277  4329
1419  1  4333  4333  4333  2666  4749  2891  4543
1421  1  4333  4333  4333  4000  4749  2886  4939
1423  1  4333  4333  4333  1666  4749  2870  4444
1436  1  4333  4333  4333  2000  6000  2719  4807
1439  1  4333  4333  4333  2666  7250  2635  5344
1460  1  4333  4333  4333  4333  4749  2365  4976
1466  1  4333  4333  4333  7000  8500  2198  6168
1495  1  4333  1000  7666  2000  3499  3738  4311
1499  1  4333  1000  7666  1666  3499  3427  4210
1510  1  4333  1000  7666  1666  4749  3029  4300
1530  1  4333  1000  7666  4000  6000  2753  5089
1556  1  4333  1000  7666  4000  6000  2384  5225
1564  1  4333  1000  7666  7000  8500  2178  6155
1575  1  4333  1000  7666  2666  1000  5091  4552
1596  1  4333  1000  7666  2000  3499  3408  4488
1607  1  4333  1000  7666  3666  3499  2974  4710
1609  1  4333  1000  7666  2666  4749  2948  4864
1621  1  4333  1000  7666  4000  4749  2760  5113
1626  1  4333  1000  7666  3000  4749  2710  4938
1633  1  4333  1000  7666  3666  4749  2611  4775
1637  1  4333  1000  7666  4333  4749  2542  5009
1646  1  4333  1000  7666  6000  7250  2468  5924
1669  1  4333  7666  7666  1000  1000  6323  5793
1679  1  4333  7666  7666  1000  1000  4313  5224
1688  1  4333  7666  7666  2333  2249  3771  5717
1690  1  4333  7666  7666  2333  2249  3639  5581
1708  1  4333  7666  7666  1666  4749  2888  6031
1729  1  4333  7666  7666  3000  4749  2591  6109
1763  1  4333  7666  7666  8333  11000  1998  8502
1778  1  4333  1000  7666  2333  1000  4175  4023
1792  1  4333  1000  7666  2000  3499  3342  4317
1816  1  4333  1000  7666  1666  6000  2702  4762
1817  1  4333  1000  7666  4000  4749  2694  4750
1818  1  4333  1000  7666  2000  6000  2694  5012
1825  1  4333  1000  7666  2666  4749  2618  4585
1827  1  4333  1000  7666  3000  4749  2580  4784
1846  1  4333  1000  7666  3666  9750  2323  5787
1847  1  4333  1000  7666  6666  8500  2319  6322
1849  1  4333  1000  7666  4333  9750  2263  6172
1857  1  4333  1000  7666  6333  9750  2085  6549
1860  1  4333  1000  7666  7000  9750  1990  6456
1888  1  4333  1000  4333  1666  3499  3551  3679
1903  1  4333  1000  4333  2666  4749  2827  4002
1909  1  4333  1000  4333  2666  4749  2693  3831
1918  1  4333  1000  4333  1000  8500  2594  4185
1919  1  4333  1000  4333  2000  6000  2589  4102
1926  1  4333  1000  4333  2000  6000  2521  3854
1927  1  4333  1000  4333  3666  4749  2490  4039
1930  1  4333  1000  4333  3333  4749  2432  4152
1933  1  4333  1000  4333  3666  4749  2391  3942
1958  1  4333  1000  4333  7000  9750  1935  5530
1965  1  4333  1000  4333  1000  1000  5174  3347
1970  1  4333  1000  4333  1666  3499  4632  3915
1978  1  4333  1000  4333  2000  2249  3965  3529
1980  1  4333  1000  4333  2333  2249  3796  3812
1982  1  4333  1000  4333  2333  2249  3704  3515
2012  1  4333  1000  4333  1666  6000  2647  3842
2021  1  4333  1000  4333  2666  4749  2563  3894
2025  1  4333  1000  4333  3666  4749  2490  4162
2042  1  4333  1000  4333  3666  9750  2268  5293
2062  1  4333  1000  7666  1000  2249  6004  4528
2069  1  4333  1000  7666  1000  1000  4506  4189
2071  1  4333  1000  7666  1000  1000  4246  3784
2098  1  4333  1000  7666  1666  4749  2851  4553
2099  1  4333  1000  7666  2666  4749  2827  4701
2118  1  4333  1000  7666  4000  6000  2575  5149
2135  1  4333  1000  7666  4000  8500  2360  5640
2139  1  4333  1000  7666  3666  8500  2287  5315
2140  1  4333  1000  7666  3666  9750  2268  5847
2151  1  4333  1000  7666  6333  9750  2030  6253
2155  1  4333  1000  7666  8333  11000  1931  6919
2162  1  4333  1000  7666  1000  2249  4973  4157
2168  1  4333  1000  7666  2000  2249  4288  4270
2174  1  4333  1000  7666  2000  2249  3924  4283
2176  1  4333  1000  7666  2333  2249  3755  4377
2178  1  4333  1000  7666  2333  2249  3663  4208
2188  1  4333  1000  7666  2666  2249  3073  4267
2197  1  4333  1000  7666  2666  4749  2786  4645
2204  1  4333  1000  7666  3666  4749  2647  4616
2206  1  4333  1000  7666  3000  4749  2646  4544
2218  1  4333  1000  7666  2666  7250  2499  5079
2221  1  4333  1000  7666  3666  4749  2449  4866
2238  1  4333  1000  7666  3666  9750  2227  5857
2248  1  4333  1000  7666  5666  6000  2088  5452
2258  1  4333  11000  11000  1000  2249  5963  7389
2259  1  4333  11000  11000  1000  1000  5132  6918
2262  1  4333  11000  11000  2000  2249  4928  7343
2267  1  4333  11000  11000  1000  1000  4204  6694
2273  1  4333  11000  11000  2666  1000  3773  6934
2276  1  4333  11000  11000  2333  2249  3663  7254
2307  1  4333  11000  11000  4000  4749  2597  7770
2330  1  4333  11000  11000  4000  7250  2341  8071
2340  1  4333  11000  11000  4000  6000  2164  7923
2366  1  4333  11000  11000  2333  1000  4055  6984
2369  1  4333  11000  11000  1666  3499  3939  7273
2378  1  4333  11000  11000  1666  3499  3485  7195
2389  1  4333  11000  11000  3333  3499  2814  7347
2395  1  4333  11000  11000  1666  6000  2722  7521
2399  1  4333  11000  11000  2666  4749  2627  7433
2407  1  4333  11000  11000  2666  4749  2571  7462
2412  1  4333  11000  11000  4000  6000  2509  7999
2425  1  4333  11000  11000  6000  6000  2326  8343
2427  1  4333  11000  11000  2333  7250  2317  7987
2430  1  4333  11000  11000  6000  7250  2281  8781
2433  1  4333  11000  11000  3666  8500  2222  8327
2439  1  4333  11000  11000  4333  4749  2139  7791
2490  1  4333  7666  11000  1666  4749  2779  6635
2503  1  4333  7666  11000  4000  4749  2566  7102
2514  1  4333  7666  11000  2000  6000  2448  6777
2521  1  4333  7666  11000  3666  4749  2319  7073
2527  1  4333  7666  11000  4000  8500  2287  7802
2537  1  4333  7666  11000  4333  4749  2132  6935
2549  1  4333  1000  7666  2666  1000  10161  5380
2566  1  4333  1000  7666  2000  2249  3886  4146
2579  1  4333  1000  7666  2000  3499  3064  4404
2590  1  4333  1000  7666  1666  4749  2742  4262
2596  1  4333  1000  7666  3666  4749  2609  4836
2597  1  4333  1000  7666  4000  4749  2609  4854
2601  1  4333  1000  7666  4000  4749  2559  5086
2623  1  4333  1000  7666  2333  7250  2303  4990
2635  1  4333  1000  7666  4333  4749  2125  4949
2648  1  4333  7666  11000  1000  2249  8678  7102
2654  1  4333  7666  11000  2000  2249  4867  6543
2656  1  4333  7666  11000  1666  3499  4529  6648
2713  1  4333  7666  11000  2666  7250  2333  7132
2715  1  4333  7666  11000  4333  4749  2318  7210
2733  1  4333  7666  11000  4333  4749  2101  7095
2734  1  4333  7666  11000  4333  4749  2064  6968
2771  1  4333  7666  11000  2333  2249  3089  6247
2780  1  4333  7666  11000  2000  3499  2742  6272
2792  1  4333  7666  11000  3666  4749  2474  6906
2808  1  4333  7666  11000  2000  6000  2307  7015
2819  1  4333  7666  11000  2333  7250  2169  7184
2829  1  4333  7666  11000  4333  9750  1994  8137
2834  1  4333  7666  11000  4333  9750  1923  8018
2835  1  4333  7666  11000  4000  6000  1921  7117
2842  1  4333  7666  11000  11000  11000  1714  9789
2846  1  7666  7666  4333  1000  2249  5679  5650
2847  1  7666  7666  4333  1000  1000  4848  5394
2848  1  7666  7666  4333  1000  2249  4689  5709
2852  1  7666  7666  4333  1666  3499  4306  5818
2864  1  7666  7666  4333  2333  2249  3379  5600
2870  1  7666  7666  4333  2000  3499  2962  5598
2887  1  7666  7666  4333  1000  8500  2417  6456
2892  1  7666  7666  4333  3000  4749  2362  6131
2903  1  7666  7666  4333  2666  4749  2238  5964
2938  1  7666  7666  4333  7000  9750  1609  7856
2943  1  4333  1000  4333  1000  1000  5929  3387
2955  1  4333  1000  4333  2666  1000  3771  3408
2977  1  4333  1000  4333  3333  3499  2552  3703
2994  1  4333  1000  4333  2000  6000  2311  3917
3008  1  4333  1000  4333  3333  4749  2103  3937
3025  1  4333  1000  4333  4333  9750  1880  5112
3029  1  4333  1000  4333  4000  6000  1818  4224
3057  1  4333  1000  4333  2666  1000  3487  3287
3069  1  4333  1000  4333  2000  3499  2816  3493
3074  1  4333  1000  4333  2000  3499  2628  3445
3080  1  4333  1000  4333  1666  4749  2493  3724
3085  1  4333  1000  4333  2666  4749  2364  3710
3098  1  4333  1000  4333  4000  6000  2247  4443
3103  1  4333  1000  4333  3666  4749  2162  4120
3125  1  4333  1000  4333  4333  4749  1876  4314
3131  1  4333  1000  4333  6333  9750  1702  5581
3139  1  7666  1000  7666  1000  1000  5813  5035
3147  1  7666  1000  7666  1000  1000  4062  4541
3160  1  7666  1000  7666  2333  2249  3128  4862
3172  1  7666  1000  7666  2000  3499  2512  4823
3180  1  7666  1000  7666  1666  4749  2299  5091
3185  1  7666  1000  7666  4000  4749  2244  5378
3191  1  7666  1000  7666  2666  4749  2193  5320
3210  1  7666  1000  7666  3333  6000  1944  5758
3245  1  7666  1000  7666  1000  1000  4041  4403
3250  1  7666  1000  7666  1000  2249  3559  4766
3258  1  7666  1000  7666  2333  2249  3107  4883
3283  1  7666  1000  7666  4000  4749  2223  5477
3290  1  7666  1000  7666  1000  8500  2129  5495
3309  1  7666  1000  7666  2333  7250  1918  5631
3314  1  7666  1000  7666  2333  7250  1829  5627
3316  1  7666  1000  7666  3666  9750  1802  6759
3321  1  7666  1000  7666  4333  4749  1739  5647
3334  1  7666  1000  4333  1000  2249  8295  4939
3341  1  7666  1000  4333  2666  1000  4154  4129
3344  1  7666  1000  4333  2000  2249  3843  4140
3351  1  7666  1000  4333  2666  1000  3329  3885
3364  1  7666  1000  4333  2666  2249  2628  4062
3365  1  7666  1000  4333  2000  3499  2594  4203
3399  1  7666  1000  4333  2666  7250  1951  5060
3425  1  7666  1000  4333  6333  9750  1544  6090
3426  1  7666  1000  4333  7000  8500  1514  6184
3427  1  7666  1000  4333  7000  8500  1485  6142
3434  1  7666  1000  11000  1000  2249  5497  5693
3441  1  7666  1000  11000  1000  1000  3998  5139
3463  1  7666  1000  11000  2000  3499  2572  5566
3474  1  7666  1000  11000  1666  4749  2236  5850
3482  1  7666  1000  11000  1666  6000  2139  5955
3492  1  7666  1000  11000  2666  7250  2032  6612
3495  1  7666  1000  11000  3666  4749  1983  6270
3499  1  7666  1000  11000  4333  4749  1913  6346
3502  1  7666  1000  11000  3000  6000  1884  6248
3509  1  7666  1000  11000  3666  9750  1806  7147
3511  1  7666  1000  11000  3666  8500  1780  6888
3525  1  7666  1000  11000  7000  8500  1463  7612
3528  1  7666  1000  11000  11000  11000  1420  8914
3536  1  7666  1000  4333  2000  2249  4447  4333
3540  1  7666  1000  4333  2000  2249  3806  4429
3551  1  7666  1000  4333  3666  2249  3106  4192
3557  1  7666  1000  4333  1666  3499  2727  3977
3560  1  7666  1000  4333  2666  2249  2591  4059
3577  1  7666  1000  4333  4000  4749  2166  4698
3583  1  7666  1000  4333  2666  4749  2115  4547
3584  1  7666  1000  4333  1000  8500  2072  5155
3597  1  7666  1000  4333  4333  4749  1898  4706
3609  1  7666  1000  4333  3666  8500  1765  5642
3613  1  7666  1000  4333  4333  9750  1686  6042
3617  1  7666  1000  4333  4000  6000  1624  5056
3619  1  7666  1000  4333  4000  6000  1612  4799
3632  1  7666  4333  4333  1000  2249  4464  4787
3636  1  7666  4333  4333  1666  3499  4082  5205
3646  1  7666  4333  4333  2333  2249  3246  4956
3647  1  7666  4333  4333  2000  2249  3190  4720
3664  1  7666  4333  4333  1666  4749  2312  5193
3686  1  7666  4333  4333  4000  6000  2025  5691
3699  1  7666  4333  4333  6000  6000  1841  6120
3707  1  7666  4333  4333  3666  8500  1737  6195
3724  1  7666  4333  4333  11000  11000  1378  8292
3726  1  11000  1000  1000  1000  2249  8188  4909
3729  1  11000  1000  1000  1000  1000  4581  3989
3751  1  11000  1000  1000  1666  3499  2656  4250
3757  1  11000  1000  1000  1666  6000  2194  4455
3762  1  11000  1000  1000  1000  8500  2001  4785
3764  1  11000  1000  1000  4000  6000  1553  5040
3766  1  11000  1000  1000  7000  8500  1407  6243
3767  1  11000  1000  1000  7000  8500  1377  6070
3770  1  11000  1000  1000  11000  11000  1335  7565
3780  1  11000  1000  1000  1666  3499  4003  4641
3783  1  11000  1000  1000  1000  1000  3617  3791
3790  1  11000  1000  1000  2333  2249  3167  3997
3806  1  11000  1000  1000  1666  4749  2044  4333
3814  1  11000  1000  1000  7000  8500  1372  6036
3828  1  11000  1000  1000  1666  3499  3996  4453
3832  1  11000  1000  1000  2333  1000  3484  3980
3838  1  11000  1000  1000  2333  2249  3160  4042
3840  1  11000  1000  1000  2333  2249  3069  4176
3879  1  11000  1000  1000  1000  1000  3610  3781
3884  1  11000  1000  1000  2000  2249  3329  4107
3887  1  11000  1000  1000  2000  2249  3104  3954
3890  1  11000  1000  1000  2333  2249  2937  3986
3909  1  11000  1000  1000  6333  9750  1394  6263
3910  1  11000  1000  1000  7000  8500  1364  5978
3915  1  11000  1000  1000  2666  1000  9584  5324
3926  1  11000  1000  1000  2000  2249  3672  4202
3928  1  11000  1000  1000  2333  1000  3463  3970
3945  1  11000  1000  1000  1666  4749  2194  4413
3950  1  11000  1000  1000  1666  4749  2015  4393
3954  1  11000  1000  1000  4000  6000  1549  5007
3955  1  11000  1000  1000  4000  6000  1489  4875
3970  1  11000  1000  1000  2666  1000  4313  3919
3977  1  11000  1000  1000  2333  1000  3463  4009
3979  1  11000  1000  1000  1000  2249  3368  3998
4028  1  11000  1000  1000  1000  2249  3353  3863
4029  1  11000  1000  1000  1666  3499  3334  4372
4036  1  11000  1000  1000  2333  2249  2901  3869
4062  1  11000  1000  1000  7000  9750  1264  6273
4072  1  11000  1000  1000  2000  2249  4299  4351
4085  1  11000  1000  1000  2000  2249  3069  4107
4094  1  11000  1000  1000  2000  3499  2285  3999
4099  1  11000  1000  1000  1666  4749  2072  4252
4128  1  11000  7666  11000  2000  2249  3654  7801
4130  1  11000  7666  11000  2333  1000  3445  7430
4136  1  11000  7666  11000  2333  2249  3121  7621
4148  1  11000  7666  11000  1666  4749  2177  7790
4167  1  11000  7666  11000  8333  11000  1257  10407
4176  1  11000  7666  7666  2000  2249  4295  7225
4178  1  11000  7666  7666  1666  3499  3957  7154
4191  1  11000  7666  7666  3666  2249  2954  7161
4208  1  11000  7666  7666  2333  7250  1708  7550
4238  1  11000  7666  7666  2000  2249  3288  6985
4257  1  11000  7666  7666  1666  4749  1995  7184
4263  1  11000  7666  7666  4333  4749  1490  7556
4264  1  11000  7666  7666  4000  6000  1469  7786
4269  1  11000  7666  7666  7000  8500  1293  8920
4281  1  7666  11000  7666  2666  1000  3962  6958
4287  1  7666  11000  7666  2666  1000  3421  6705
4295  1  7666  11000  7666  3666  2249  2951  7342
4312  1  7666  11000  7666  1666  4749  2174  7134
4320  1  7666  11000  7666  3666  4749  2011  7474
4324  1  7666  11000  7666  1666  6000  1969  7378
4328  1  7666  11000  7666  1000  8500  1917  7886
4332  1  7666  11000  7666  4000  6000  1897  7734
4335  1  7666  11000  7666  3000  4749  1847  7272
4364  1  7666  11000  7666  5666  6000  1451  8146
4384  1  7666  11000  7666  2333  1000  3440  6750
4409  1  7666  11000  7666  3666  3499  2173  7297
4414  1  7666  11000  7666  1666  4749  2063  7159
4421  1  7666  11000  7666  1666  4749  1992  6886
4429  1  7666  11000  7666  3666  4749  1909  7514
4446  1  7666  11000  7666  4000  7250  1703  8186
4459  1  7666  11000  7666  4000  6000  1466  7919
4469  1  11000  11000  7666  2666  1000  9561  9075
4478  1  11000  11000  7666  1666  3499  3951  7815
4485  1  11000  11000  7666  1666  3499  3325  7878
4490  1  11000  11000  7666  2333  2249  3024  7719
4506  1  11000  11000  7666  1666  6000  1967  8255
4512  1  11000  11000  7666  4333  4749  1487  8459
4513  1  11000  11000  7666  4000  6000  1466  8440
4514  1  11000  11000  7666  4000  6000  1455  8514
4537  1  11000  1000  4333  1000  2249  3344  4596
4552  1  11000  1000  4333  1666  4749  2182  5078
4558  1  11000  1000  4333  1666  4749  1992  5131
4560  1  11000  1000  4333  1000  8500  1914  5550
4563  1  11000  1000  4333  2333  7250  1614  5489
4567  1  11000  1000  4333  4000  6000  1455  5582
4577  1  11000  7666  11000  1000  1000  5576  7568
4585  1  11000  7666  11000  1000  1000  3825  7154
4589  1  11000  7666  11000  2666  1000  3418  7682
4595  1  11000  7666  11000  2000  2249  3059  7472
4601  1  11000  7666  11000  1666  3499  2569  7552
4612  1  11000  7666  11000  1666  6000  1966  8167
4613  1  11000  7666  11000  1000  8500  1914  8502
4616  1  11000  7666  11000  2333  7250  1614  8615
4620  1  11000  7666  11000  4000  6000  1454  8533
4621  1  11000  7666  11000  5666  6000  1448  8833
4622  1  11000  7666  11000  6333  9750  1349  9741
4638  1  11000  1000  11000  1000  1000  3817  6031
4652  1  11000  1000  11000  1666  3499  2862  6313
4654  1  11000  1000  11000  1666  3499  2560  6233
4682  1  11000  1000  4333  1000  2249  8089  5687
4701  1  11000  1000  4333  2000  2249  3048  4715
4732  1  11000  1000  4333  8333  11000  1240  7671
4746  1  11000  1000  4333  1000  1000  3548  4460
4764  1  11000  1000  4333  1666  4749  2164  4946
